,Date,Number-transactions,Output-volume(BTC),Market-price,Hash-rate,Cost-per-trans-USD,Mining-revenue-USD,Transaction-fees-BTC
0,2017-04-29 00:00:00,341319,4488916,3119179,4488916,9,3119179,256
1,2017-04-30 00:00:00,281489,3918072,2720216,3918072,10,2720216,199
2,2017-05-01 00:00:00,294786,3892124,2878278,3892124,10,2878278,228
3,2017-05-02 00:00:00,333161,4099704,3149553,4099704,10,3149553,273
4,2017-05-03 00:00:00,295149,3425069,2760373,3425069,10,2760373,247
5,2017-05-04 00:00:00,354737,4359179,3500746,4359179,10,3500746,307
6,2017-05-05 00:00:00,267193,3347227,2779170,3347227,11,2779170,261
7,2017-05-06 00:00:00,363022,4359179,3610789,4359179,10,3610789,297
8,2017-05-07 00:00:00,316011,4333232,3505620,4333232,11,3505620,277
9,2017-05-08 00:00:00,365096,4670549,4062173,4670549,12,4062173,316
10,2017-05-09 00:00:00,332879,4021862,3715394,4021862,12,3715394,303
11,2017-05-10 00:00:00,311391,4119773,3665041,4119773,12,3665041,303

